Polygon: [(2.8000000000000003, 0.1), (3.0, 3.5999999999999996), (5.65, 3.5), (7.250000000000001, 1.15), (7.1499999999999995, 0.1)], Height: 0.4
Polygon: [(22.7, 11.149999999999999), (20.75, 13.9), (20.8, 14.950000000000001), (25.0, 14.950000000000001), (25.05, 11.1)], Height: 0.4
Polygon: [(8.8, 8.3), (8.85, 5.7), (11.25, 2.3), (12.799999999999999, 3.1), (10.55, 6.05), (10.5, 7.699999999999999)], Height: 0.6
Polygon: [(11.95, 1.45), (11.3, 2.25), (12.85, 3.0), (13.25, 2.35)], Height: 0.3
Polygon: [(19.1, 6.7), (19.2, 9.3), (16.75, 12.7), (15.55, 12.0), (17.55, 8.95), (17.55, 7.35)], Height: 0.6
Polygon: [(15.249999999999998, 12.05), (14.95, 12.65), (16.099999999999998, 13.5), (16.849999999999998, 12.85)], Height: 0.3
Polygon: [(18.900000000000002, 1.25), (18.900000000000002, 2.45), (20.650000000000002, 2.45), (20.75, 1.3)], Height: 0.85
Polygon: [(7.300000000000001, 12.6), (7.250000000000001, 13.75), (7.250000000000001, 13.75), (9.2, 13.75), (9.25, 12.55)], Height: 0.85
Polygon: [(3.1999999999999997, 12.0), (3.35, 14.950000000000001), (6.6, 14.899999999999999), (6.75, 13.950000000000001), (6.75, 13.950000000000001), (7.1499999999999995, 13.9), (7.300000000000001, 12.45), (8.200000000000001, 12.45), (7.1499999999999995, 10.799999999999999), (5.1, 10.850000000000001), (5.0, 13.2), (4.75, 13.3), (4.699999999999999, 11.799999999999999)], Height: 0.4
Polygon: [(19.95, 2.65), (20.95, 4.15), (23.15, 4.15), (23.15, 1.65), (23.35, 1.6), (23.400000000000002, 2.6999999999999997), (24.799999999999997, 2.9), (24.75, 0.05), (21.6, 0.0), (21.5, 1.0), (20.95, 1.15), (20.85, 2.5500000000000003)], Height: 0.4
